2.)  
		 MPG
     Merc 450SL  17.3    8  
     Hornet Sportabout  18.7    8  
     Pontiac Firebird  19.2    8

3.) avg mpg je 19.74 

4.) 29.2

5.) automatskih mjenjaca je 13, rucnih je 21

6.) 7 auta 

7.) 0             Mazda RX4  21.0    6  160.0  110  ...   0   1     4     4  1188.411040    
1         Mazda RX4 Wag  21.0    6  160.0  110  ...   0   1     4     4  1304.077000    
2            Datsun 710  22.8    4  108.0   93  ...   1   1     4     1  1052.333440    
3        Hornet 4 Drive  21.4    6  258.0  110  ...   1   0     3     1  1458.298280    
4     Hornet Sportabout  18.7    8  360.0  175  ...   0   0     3     2  1560.356480    
5               Valiant  18.1    6  225.0  105  ...   1   0     3     1  1569.428320    
6            Duster 360  14.3    8  360.0  245  ...   0   0     3     4  1619.323440    
7             Merc 240D  24.4    4  146.7   62  ...   1   0     4     2  1446.958480    
8              Merc 230  22.8    4  140.8   95  ...   1   0     4     2  1428.814800    
9              Merc 280  19.2    6  167.6  123  ...   1   0     4     4  1560.356480    
10            Merc 280C  17.8    6  167.6  123  ...   1   0     4     4  1560.356480    
11           Merc 450SE  16.4    8  275.8  180  ...   0   0     3     3  1846.119440    
12           Merc 450SL  17.3    8  275.8  180  ...   0   0     3     3  1691.898160    
13          Merc 450SLC  15.2    8  275.8  180  ...   0   0     3     3  1714.577760    
14   Cadillac Fleetwood  10.4    8  472.0  205  ...   0   0     3     4  2381.358000    
15  Lincoln Continental  10.4    8  460.0  215  ...   0   0     3     4  2460.283008    
16    Chrysler Imperial  14.7    8  440.0  230  ...   0   0     3     4  2424.449240    
17             Fiat 128  32.4    4   78.7   66  ...   1   1     4     1   997.902400    
18          Honda Civic  30.4    4   75.7   52  ...   1   1     4     2   732.551080    
19       Toyota Corolla  33.9    4   71.1   65  ...   1   1     4     1   832.341320    
20        Toyota Corona  21.5    4  120.1   97  ...   1   0     3     1  1118.104280    
21     Dodge Challenger  15.5    8  318.0  150  ...   0   0     3     2  1596.643840    
22          AMC Javelin  15.2    8  304.0  150  ...   0   0     3     2  1558.088520    
23           Camaro Z28  13.3    8  350.0  245  ...   0   0     3     4  1741.793280    
24     Pontiac Firebird  19.2    8  400.0  175  ...   0   0     3     2  1744.061240
25            Fiat X1-9  27.3    4   79.0   66  ...   1   1     4     1   877.700520
26        Porsche 914-2  26.0    4  120.3   91  ...   0   1     5     2   970.686880
27         Lotus Europa  30.4    4   95.1  113  ...   1   1     5     2   686.284696
28       Ford Pantera L  15.8    8  351.0  264  ...   0   1     5     4  1437.886640
29         Ferrari Dino  19.7    6  145.0  175  ...   0   1     5     6  1256.449840
30        Maserati Bora  15.0    8  301.0  335  ...   0   1     5     8  1619.323440
31           Volvo 142E  21.4    4  121.0  109  ...   1   1     4     2  1260.985760